1
4
1 3 2 7
3


1
10
1 3 2 7 11 23 12 57 77 71
3


5
6
2 4 5 6 7 9
3
7
2 3 5 7 11 13 17
3
5
1 4 6 8 9
2
8
2 2 2 2 3 5 7 11
4
10
10 2 3 4 5 6 7 8 9 10
5




5
12
0 1 2 3 4 5 6 7 8 9 10 11
4
9
97 96 95 94 93 92 91 90 89
3
10
11 13 17 19 23 29 31 37 41 43
5
8
4 6 8 10 12 14 15 16
3
15
2 2 2 2 2 3 3 3 3 3 1 1 1 1 1
6

5
17
97 4 0 13 38 17 8 23 29 12 5 3 14 77 1 2 37
5
12
2 2 2 2 2 2 2 2 2 2 2 2
3
15
91 73 53 37 0 101 99 87 61 19 5 6 4 4 4
4
20
999983 1 0 4 6 2 3 5 999979 8 9 10 123 456 17 999961 18 19 20 21
6
8
1000000 999983 3 3 3 999979 999961 999959
2



5
13
0 0 0 999913 272 999920 0 29 13 2 1 0 17
4
53
0 1 1362 514 999973 1490 318 1 174 846 372 1 252 700 1 0 999977 42 7 19 1 1 999921 1 1 0 1816 1 1738 1 1222 1 0 999953 1190 1 999905 0 1 999920 5 0 29 0 1912 1858 17 0 1460 0 7 0 999951
3
77
19 1 1 0 999971 999922 999926 1 19 19 1 999945 1 999902 1 999968 1438 556 1 0 1 999908 758 29 0 999994 1140 7 999933 5 0 116 999982 0 999902 1 19 1 0 13 1232 1 0 902 3 999970 0 1516 23 796 19 1 1544 999960 23 1978 1 23 999950 834 698 999976 999901 1000000 17 0 0 0 1230 0 0 0 29 1 0 620 1358
6
83
1 999987 19 1050 0 1 0 17 1232 0 1 999991 5 2 2 23 999910 0 999970 0 0 0 999933 1 13 456 1726 1 19 999945 1 0 1 19 13 1 7 588 0 0 23 2 999959 0 3 999945 999901 999981 508 1 13 0 1884 19 0 19 1438 436 1200 999971 999956 0 1708 999949 17 13 0 1590 1990 0 1 0 19 0 5 999901 17 0 17 0 0 84 999950
9
18
0 1 1 13 1 0 23 0 1 17 0 17 3 1018 999962 0 0 344
10




1
100
999983 999979 0 1 4 6 8 9 10 999961 999953 13 17 19 23 29 31 37 41 43 47 53 59 61 67 71 73 79 83 89 97 101 103 107 109 113 127 131 137 139 149 151 157 163 167 173 179 181 191 193 197 199 211 223 227 229 233 239 241 251 257 263 269 271 277 281 283 293 307 311 313 317 331 337 347 349 353 359 367 373 379 383 389 397 401 409 419 421 431 433 439 443 449 457 461 463 467 479 487 491 499
25
